<?xml version="1.0"?>
<opencv_storage>
<calibration_time>"Wed 27 Jan 2016 05:14:57 UTC"</calibration_time>
<nr_of_frames>9</nr_of_frames>
<image_width>640</image_width>
<image_height>480</image_height>
<board_width>9</board_width>
<board_height>6</board_height>
<square_size>50.</square_size>
<fix_aspect_ratio>1.</fix_aspect_ratio>
<!-- flags: +fix_aspectRatio +fix_principal_point +zero_tangent_dist -->
<flags>6158</flags>
<fisheye_model>0</fisheye_model>
<camera_matrix type_id="opencv-matrix">
  <rows>3</rows>
  <cols>3</cols>
  <dt>d</dt>
  <data>
    5.4351612235207824e+02 0. 3.1950000000000000e+02 0.
    5.4351612235207824e+02 2.3950000000000000e+02 0. 0. 1.</data></camera_matrix>
<distortion_coefficients type_id="opencv-matrix">
  <rows>5</rows>
  <cols>1</cols>
  <dt>d</dt>
  <data>
    -2.9268648673012965e-01 1.5888885469248282e-01 0. 0.
    -1.1864021428647545e-01</data></distortion_coefficients>
<avg_reprojection_error>5.0825456236269895e-01</avg_reprojection_error>
<per_view_reprojection_errors type_id="opencv-matrix">
  <rows>9</rows>
  <cols>1</cols>
  <dt>f</dt>
  <data>
    4.09329891e-01 1.17722893e+00 1.97321624e-01 2.35638008e-01
    6.26509130e-01 2.14076474e-01 3.18349808e-01 2.83151031e-01
    2.39083275e-01</data></per_view_reprojection_errors>
<extrinsic_parameters type_id="opencv-matrix">
  <rows>9</rows>
  <cols>6</cols>
  <dt>d</dt>
  <data>
    1.5074412375680235e-01 2.8881486968894748e-01 6.3065738318069551e-03
    -3.0269675983327403e+02 -2.0425264155568303e+02
    8.1239196670269689e+02 3.9090850546789246e-01 6.5896162148629556e-01
    -1.3535116070543545e+00 -2.6855547432001703e+02
    1.7829963963049548e+02 7.1431443991380752e+02
    -2.8341653171090903e-01 2.1226634241891404e-01
    3.5164471866864427e-01 -2.3512230924874581e+02
    -1.8968748377375209e+02 6.4651398367090087e+02
    -1.2517250906693420e-01 2.6229901887497703e-01
    -7.9284844457062492e-03 -3.5116920319314141e+02
    -1.2220864613951602e+02 6.7424166287987907e+02
    -2.8548855544162588e-01 4.5378739987298372e-01
    1.3101420161896018e+00 -3.8362765657381601e+01
    -2.2065403899298130e+02 6.4058579846958241e+02
    4.1217701150968505e-01 3.2736483052444942e-01 1.6405362453485093e+00
    1.8045450348023928e+02 -1.2112521252201357e+02
    6.7704106163026893e+02 1.9190510739913080e-01 3.7438387257119948e-01
    1.8580982931117778e+00 -1.1348493376806174e+02
    -1.3115357601063081e+02 7.8696799946391729e+02
    -7.7283037777335029e-02 5.0289117131713645e-01
    1.7457713089949931e+00 1.8424263517570498e+00
    -1.6635264249081644e+02 6.3861310128996161e+02
    1.9414008048341819e-01 -4.0826498656619936e-01
    1.2831540482332043e-01 -2.8901916643535236e+02
    -1.5112418115983598e+02 5.6670645706845698e+02</data></extrinsic_parameters>
<image_points type_id="opencv-matrix">
  <rows>9</rows>
  <cols>54</cols>
  <dt>"2f"</dt>
  <data>
    1.27647018e+02 1.10525284e+02 1.53829468e+02 1.07840530e+02
    1.81373917e+02 1.05091309e+02 2.10973267e+02 1.02411697e+02
    2.41482910e+02 1.00091209e+02 2.74369110e+02 9.79860229e+01
    3.08526398e+02 9.60569305e+01 3.44047424e+02 9.42468719e+01
    3.80814117e+02 9.30852585e+01 1.28752365e+02 1.41965729e+02
    1.54646210e+02 1.40038925e+02 1.82243683e+02 1.38161743e+02
    2.11302551e+02 1.36324570e+02 2.42431747e+02 1.34782898e+02
    2.74815857e+02 1.33581741e+02 3.08911011e+02 1.32242615e+02
    3.44680328e+02 1.31384750e+02 3.81290985e+02 1.30572144e+02
    1.29666092e+02 1.73374359e+02 1.55428970e+02 1.72203995e+02
    1.83139954e+02 1.71473969e+02 2.12427856e+02 1.70366684e+02
    2.43153534e+02 1.69920502e+02 2.75354828e+02 1.69247726e+02
    3.09415009e+02 1.68598007e+02 3.45020721e+02 1.68387970e+02
    3.81549866e+02 1.68350113e+02 1.30219513e+02 2.04194534e+02
    1.57050964e+02 2.04298569e+02 1.84595444e+02 2.04330948e+02
    2.13382019e+02 2.04274445e+02 2.44068970e+02 2.04381348e+02
    2.76392700e+02 2.04542664e+02 3.10110870e+02 2.05047287e+02
    3.45336273e+02 2.05532486e+02 3.81727753e+02 2.06095749e+02
    1.33159668e+02 2.35676102e+02 1.58949936e+02 2.36244110e+02
    1.86232986e+02 2.37157806e+02 2.15036636e+02 2.37984848e+02
    2.45316696e+02 2.38793518e+02 2.77297272e+02 2.39985321e+02
    3.10707367e+02 2.40867462e+02 3.45646210e+02 2.42042938e+02
    3.81636017e+02 2.43305222e+02 1.32856094e+02 2.65558624e+02
    1.60937698e+02 2.67607086e+02 1.88204834e+02 2.69033844e+02
    2.16894318e+02 2.70562775e+02 2.46811646e+02 2.72303162e+02
    2.78412354e+02 2.74135590e+02 3.11328003e+02 2.75842926e+02
    3.45999115e+02 2.77698242e+02 3.81423767e+02 2.79427917e+02
    1.28079315e+02 3.71512360e+02 1.20215820e+02 3.44348694e+02
    1.12852547e+02 3.19478088e+02 1.05204216e+02 2.91918732e+02
    9.69336853e+01 2.61355347e+02 8.83628006e+01 2.27325714e+02
    7.96360626e+01 1.89411224e+02 7.04237137e+01 1.47436279e+02
    6.20465126e+01 1.01162003e+02 1.59152893e+02 3.78818939e+02
    1.53475754e+02 3.53650940e+02 1.47752762e+02 3.28824890e+02
    1.41623917e+02 3.01451172e+02 1.35062912e+02 2.70562866e+02
    1.28214264e+02 2.36161926e+02 1.21215401e+02 1.97457840e+02
    1.13913139e+02 1.54473495e+02 1.06699120e+02 1.06497322e+02
    1.92852234e+02 3.90136505e+02 1.88651169e+02 3.63279114e+02
    1.84521240e+02 3.38536255e+02 1.80322586e+02 3.11077026e+02
    1.75833755e+02 2.80379822e+02 1.71095810e+02 2.45469940e+02
    1.66126389e+02 2.06520355e+02 1.61136642e+02 1.62361908e+02
    1.56330338e+02 1.13350769e+02 2.27127777e+02 3.97447571e+02
    2.25141388e+02 3.72384094e+02 2.23189484e+02 3.48317261e+02
    2.21063431e+02 3.20836914e+02 2.18898529e+02 2.90283173e+02
    2.16630081e+02 2.55240356e+02 2.14276047e+02 2.15915833e+02
    2.12087357e+02 1.71121857e+02 2.10152557e+02 1.21021988e+02
    2.63098175e+02 4.06621521e+02 2.63272461e+02 3.81677582e+02
    2.63241821e+02 3.57775787e+02 2.63529419e+02 3.30666473e+02
    2.63954132e+02 3.00039886e+02 2.64659119e+02 2.65322540e+02
    2.65131439e+02 2.26179871e+02 2.66389679e+02 1.80996048e+02
    2.67999695e+02 1.30138016e+02 2.98972961e+02 4.15546844e+02
    3.01719360e+02 3.90706268e+02 3.04460449e+02 3.66947540e+02
    3.07187073e+02 3.40343018e+02 3.10481598e+02 3.10172302e+02
    3.14076324e+02 2.75664856e+02 3.18125427e+02 2.36373856e+02
    3.22859924e+02 1.91313660e+02 3.28279358e+02 1.40449860e+02
    1.32964737e+02 8.94696655e+01 1.64486588e+02 9.69033508e+01
    1.98349472e+02 1.05158463e+02 2.34515427e+02 1.14303352e+02
    2.73299530e+02 1.24412811e+02 3.14247528e+02 1.35590942e+02
    3.57399811e+02 1.47666458e+02 4.02256256e+02 1.60869522e+02
    4.48057556e+02 1.75112717e+02 1.14571800e+02 1.22618423e+02
    1.45705368e+02 1.31238113e+02 1.79651443e+02 1.40764832e+02
    2.16073608e+02 1.51330353e+02 2.55051590e+02 1.62705338e+02
    2.96723602e+02 1.75257339e+02 3.40615814e+02 1.88669357e+02
    3.86451263e+02 2.02968292e+02 4.33647308e+02 2.18111282e+02
    9.57875671e+01 1.57418259e+02 1.26554764e+02 1.67425430e+02
    1.60475189e+02 1.78564789e+02 1.96962143e+02 1.90490021e+02
    2.36283066e+02 2.03409409e+02 2.78192596e+02 2.17366486e+02
    3.22768036e+02 2.32017212e+02 3.69591003e+02 2.47600418e+02
    4.17632202e+02 2.63630646e+02 7.71980133e+01 1.93912186e+02
    1.07826637e+02 2.05371780e+02 1.41318222e+02 2.17950516e+02
    1.77788254e+02 2.31463348e+02 2.17049194e+02 2.45946518e+02
    2.59282501e+02 2.61305176e+02 3.04229675e+02 2.77493927e+02
    3.51641602e+02 2.94417236e+02 4.00400208e+02 3.11535309e+02
    5.90402222e+01 2.31492264e+02 8.91872711e+01 2.44652740e+02
    1.22423767e+02 2.58874969e+02 1.58535645e+02 2.73989563e+02
    1.97794250e+02 2.90092773e+02 2.40032303e+02 3.06912872e+02
    2.85068878e+02 3.24543884e+02 3.32817657e+02 3.42695435e+02
    3.81972168e+02 3.61026764e+02 4.16306419e+01 2.69714111e+02
    7.11227493e+01 2.84461823e+02 1.04039734e+02 3.00357727e+02
    1.39905716e+02 3.17035858e+02 1.78765366e+02 3.34802673e+02
